
-2.545323708273825E+10
1.460913442868109E+11
-2.726527903765440E+06
-2.986338200235307E+04
-5.165822246700293E+03
1.135526860257752E+00
6371000
5.9722E+24

-5.682653841092885E+08
1.112997165528592E+09
3.445256675517594E+06
-1.446153643855376E+01
-3.447507130430867E+00
3.988611997595555E-01
696340000
1.9891E+30

-2.506305144417207E+10
1.459930035240048E+11
-3.717618948633224E+07
-2.961465427844801E+04
-4.230085049928977E+03
-3.390576606358819E+01
1737000
7.348E+22;

-1.004302793346122E+10
-6.782848247285485E+10
-4.760889633162629E+09
3.847265155592926E+04
-4.158689546981208E+03
-3.869763647804497E+03
2439700
3.3011E+23

1.076209595805564E+11
8.974122818036491E+09
-6.131976661929069E+09
-2.693485084259549E+03
3.476650462014290E+04
6.320912271467272E+02
6051800
4.867E24

-1.980535522170065E+11
-1.313944334060654E+11
2.072245594990239E+09
1.439273929359666E+04
-1.805004074289640E+04
-7.312485979614864E+02
3389500
6.417E23

7.814222941314991E+10
-7.769488912299215E+11
1.474101029523611E+09
1.283931033706874E+04
1.930357325887448E+03
-2.952603542492312E+02
69911000
1.898E27

5.674914809473343E+11
-1.388366463018738E+12
1.549265783457875E+09
8.406493531200137E+03
3.627774839464033E+03
-3.983651341797212E+02 
58232000
5.683E26

2.426731532276310E+12
1.703392504032894E+12
-2.511215084173620E+10
-3.962351584219718E+03
5.256523421272158E+03
7.095167477538000E+01
25362000
86.813E24

4.374094274093674E+12
-9.514049067425712E+11
-8.121317847458720E+10
1.118822506695780E+03
5.342644352002246E+03
-1.362606261073369E+02
24624000
1.024E26
